,author,authorData,downloads,gated,id,inference,lastModified,likes,pipeline_tag,private,repoType,isLikedByUser,widgetOutputUrls,sizes,min_size,max_size,trending,mined_date
0,nomic-ai,"{'avatarUrl': 'https://cdn-avatars.huggingface.co/v1/production/uploads/641f01fe6d51620635e118e9/wy0ax27ok1-uHWoUAHSEs.png', 'fullname': 'Nomic AI', 'name': 'nomic-ai', 'type': 'org', 'isHf': False, 'isMod': False, 'isEnterprise': False}",454727,False,nomic-ai/nomic-embed-text-v1.5,cold,2024-08-01T19:47:48.000Z,330,sentence-similarity,False,model,False,[],548MB | 138MB,144703488.0,574619648.0,1,24-08-2024
1,jinaai,"{'avatarUrl': 'https://cdn-avatars.huggingface.co/v1/production/uploads/603763514de52ff951d89793/AFoybzd5lpBQXEBrQHuTt.png', 'fullname': 'Jina AI', 'name': 'jinaai', 'type': 'org', 'isHf': False, 'isMod': False, 'isEnterprise': False}",126235,False,jinaai/jina-embeddings-v2-base-code,cold,2024-04-22T08:34:12.000Z,48,feature-extraction,False,model,False,,642MB | 321MB | 162MB,169869312.0,673185792.0,2,24-08-2024
2,mixedbread-ai,"{'avatarUrl': 'https://cdn-avatars.huggingface.co/v1/production/uploads/643ee0870d1194da249bd7fe/voYdYlFgQH5vyMwyMNluZ.png', 'fullname': 'Mixedbread', 'name': 'mixedbread-ai', 'type': 'org', 'isHf': False, 'isMod': False, 'isEnterprise': False}",2082725,False,mixedbread-ai/mxbai-embed-large-v1,cold,2024-08-13T02:58:46.000Z,464,feature-extraction,False,model,False,,1.34GB | 669MB | 337MB,353370112.0,1438814044.16,3,24-08-2024
3,Snowflake,"{'avatarUrl': 'https://cdn-avatars.huggingface.co/v1/production/uploads/64ba2f59a6ccf0f64b4ad254/eTDA37yFwUVP45c1WTSs2.png', 'fullname': 'Snowflake', 'name': 'Snowflake', 'type': 'org', 'isHf': False, 'isMod': False, 'isEnterprise': False}",45966,False,Snowflake/snowflake-arctic-embed-m,not-popular-enough,2024-08-20T18:13:09.000Z,120,sentence-similarity,False,model,False,[],436MB | 144MB | 218MB | 110MB | 149MB | 110MB | 110MB,115343360.0,457179136.0,4,24-08-2024
4,Alibaba-NLP,"{'avatarUrl': 'https://www.gravatar.com/avatar/1ae3fd9f5b9356f196c997d93eb23038?d=retro&size=100', 'fullname': 'Alibaba-NLP', 'name': 'Alibaba-NLP', 'type': 'org', 'isHf': False, 'isMod': False, 'isEnterprise': False}",1942136,False,Alibaba-NLP/gte-large-en-v1.5,loading,2024-08-09T03:32:05.000Z,147,sentence-similarity,False,model,False,[],1.75GB | 361MB | 873MB | 446MB | 387MB | 446MB | 446MB,378535936.0,1879048192.0,5,24-08-2024
5,nomic-ai,"{'avatarUrl': 'https://cdn-avatars.huggingface.co/v1/production/uploads/641f01fe6d51620635e118e9/wy0ax27ok1-uHWoUAHSEs.png', 'fullname': 'Nomic AI', 'name': 'nomic-ai', 'type': 'org', 'isHf': False, 'isMod': False, 'isEnterprise': False}",577008,False,nomic-ai/nomic-embed-text-v1,loading,2024-08-01T20:09:52.000Z,429,sentence-similarity,False,model,False,[],548MB | 138MB,144703488.0,574619648.0,6,24-08-2024
6,Alibaba-NLP,"{'avatarUrl': 'https://www.gravatar.com/avatar/1ae3fd9f5b9356f196c997d93eb23038?d=retro&size=100', 'fullname': 'Alibaba-NLP', 'name': 'Alibaba-NLP', 'type': 'org', 'isHf': False, 'isMod': False, 'isEnterprise': False}",599061,False,Alibaba-NLP/gte-base-en-v1.5,custom-code,2024-08-06T12:01:24.000Z,43,sentence-similarity,False,model,False,[],556MB | 167MB | 278MB | 147MB | 174MB | 147MB | 147MB,154140672.0,583008256.0,7,24-08-2024
7,Xenova,"{'avatarUrl': 'https://cdn-avatars.huggingface.co/v1/production/uploads/61b253b7ac5ecaae3d1efe0c/hwiQ0uvz3t-L5a-NtBIO6.png', 'fullname': 'Joshua', 'name': 'Xenova', 'type': 'user', 'isPro': False, 'isHf': True, 'isMod': False}",6840,False,Xenova/paraphrase-multilingual-mpnet-base-v2,pipeline-library-pair-not-supported,2024-03-21T12:05:28.000Z,3,feature-extraction,False,model,False,,1.11GB | 555MB | 279MB,292552704.0,1191853424.64,8,24-08-2024
8,Xenova,"{'avatarUrl': 'https://cdn-avatars.huggingface.co/v1/production/uploads/61b253b7ac5ecaae3d1efe0c/hwiQ0uvz3t-L5a-NtBIO6.png', 'fullname': 'Joshua', 'name': 'Xenova', 'type': 'user', 'isPro': False, 'isHf': True, 'isMod': False}",2825,False,Xenova/multilingual-e5-large,pipeline-library-pair-not-supported,2024-03-21T12:07:40.000Z,8,feature-extraction,False,model,False,,546kB | 1.12GB | 562MB,559104.0,1202590842.88,9,24-08-2024
9,Supabase,"{'avatarUrl': 'https://cdn-avatars.huggingface.co/v1/production/uploads/63267719ff539edeea96336a/I4961jNG67wvlqZP1swzQ.png', 'fullname': 'Supabase', 'name': 'Supabase', 'type': 'org', 'isHf': False, 'isMod': False, 'isEnterprise': False}",685665,False,Supabase/gte-small,pipeline-library-pair-not-supported,2024-03-18T18:02:53.000Z,59,feature-extraction,False,model,False,,133MB | 66.7MB | 34MB,35651584.0,139460608.0,10,24-08-2024
10,jinaai,"{'avatarUrl': 'https://cdn-avatars.huggingface.co/v1/production/uploads/603763514de52ff951d89793/AFoybzd5lpBQXEBrQHuTt.png', 'fullname': 'Jina AI', 'name': 'jinaai', 'type': 'org', 'isHf': False, 'isMod': False, 'isEnterprise': False}",36542,False,jinaai/jina-embeddings-v2-base-zh,explicit-opt-out,2024-08-06T14:43:26.000Z,174,feature-extraction,False,model,False,,641MB | 321MB | 162MB,169869312.0,672137216.0,11,24-08-2024
11,jinaai,"{'avatarUrl': 'https://cdn-avatars.huggingface.co/v1/production/uploads/603763514de52ff951d89793/AFoybzd5lpBQXEBrQHuTt.png', 'fullname': 'Jina AI', 'name': 'jinaai', 'type': 'org', 'isHf': False, 'isMod': False, 'isEnterprise': False}",35830,False,jinaai/jina-embeddings-v2-base-de,not-popular-enough,2024-08-06T14:41:13.000Z,61,feature-extraction,False,model,False,,641MB | 321MB | 162MB,169869312.0,672137216.0,12,24-08-2024
12,Snowflake,"{'avatarUrl': 'https://cdn-avatars.huggingface.co/v1/production/uploads/64ba2f59a6ccf0f64b4ad254/eTDA37yFwUVP45c1WTSs2.png', 'fullname': 'Snowflake', 'name': 'Snowflake', 'type': 'org', 'isHf': False, 'isMod': False, 'isEnterprise': False}",42418,False,Snowflake/snowflake-arctic-embed-m-long,custom-code,2024-08-20T18:14:33.000Z,32,sentence-similarity,False,model,False,[],548MB | 158MB | 274MB | 138MB | 165MB | 138MB | 138MB,144703488.0,574619648.0,13,24-08-2024
13,Snowflake,"{'avatarUrl': 'https://cdn-avatars.huggingface.co/v1/production/uploads/64ba2f59a6ccf0f64b4ad254/eTDA37yFwUVP45c1WTSs2.png', 'fullname': 'Snowflake', 'name': 'Snowflake', 'type': 'org', 'isHf': False, 'isMod': False, 'isEnterprise': False}",12674,False,Snowflake/snowflake-arctic-embed-s,not-popular-enough,2024-08-20T18:14:09.000Z,12,sentence-similarity,False,model,False,[],133MB | 60.1MB | 66.7MB | 34MB | 61.4MB | 34MB | 34MB,35651584.0,139460608.0,14,24-08-2024
14,Snowflake,"{'avatarUrl': 'https://cdn-avatars.huggingface.co/v1/production/uploads/64ba2f59a6ccf0f64b4ad254/eTDA37yFwUVP45c1WTSs2.png', 'fullname': 'Snowflake', 'name': 'Snowflake', 'type': 'org', 'isHf': False, 'isMod': False, 'isEnterprise': False}",41895,False,Snowflake/snowflake-arctic-embed-xs,not-popular-enough,2024-08-20T18:13:38.000Z,28,sentence-similarity,False,model,False,[],90.4MB | 53.9MB | 45.3MB | 23MB | 54.6MB | 23MB | 23MB,24117248.0,94791270.4,15,24-08-2024
15,Snowflake,"{'avatarUrl': 'https://cdn-avatars.huggingface.co/v1/production/uploads/64ba2f59a6ccf0f64b4ad254/eTDA37yFwUVP45c1WTSs2.png', 'fullname': 'Snowflake', 'name': 'Snowflake', 'type': 'org', 'isHf': False, 'isMod': False, 'isEnterprise': False}",43810,False,Snowflake/snowflake-arctic-embed-l,not-popular-enough,2024-08-20T18:14:49.000Z,84,sentence-similarity,False,model,False,[],1.34GB | 299MB | 669MB | 337MB | 318MB | 337MB | 337MB,313524224.0,1438814044.16,16,24-08-2024
16,jinaai,"{'avatarUrl': 'https://cdn-avatars.huggingface.co/v1/production/uploads/603763514de52ff951d89793/AFoybzd5lpBQXEBrQHuTt.png', 'fullname': 'Jina AI', 'name': 'jinaai', 'type': 'org', 'isHf': False, 'isMod': False, 'isEnterprise': False}",18540,False,jinaai/jina-reranker-v1-turbo-en,custom-code,2024-06-20T06:50:44.000Z,44,text-classification,False,model,False,[],151MB | 103MB | 75.8MB | 38.3MB | 104MB | 38.3MB | 38.3MB,40160460.8,158334976.0,17,24-08-2024
17,Snowflake,"{'avatarUrl': 'https://cdn-avatars.huggingface.co/v1/production/uploads/64ba2f59a6ccf0f64b4ad254/eTDA37yFwUVP45c1WTSs2.png', 'fullname': 'Snowflake', 'name': 'Snowflake', 'type': 'org', 'isHf': False, 'isMod': False, 'isEnterprise': False}",5996,False,Snowflake/snowflake-arctic-embed-m-v1.5,not-popular-enough,2024-08-20T18:11:12.000Z,39,sentence-similarity,False,model,False,[],436MB | 144MB | 218MB | 110MB | 149MB | 110MB | 110MB,115343360.0,457179136.0,18,24-08-2024
18,mixedbread-ai,"{'avatarUrl': 'https://cdn-avatars.huggingface.co/v1/production/uploads/643ee0870d1194da249bd7fe/voYdYlFgQH5vyMwyMNluZ.png', 'fullname': 'Mixedbread', 'name': 'mixedbread-ai', 'type': 'org', 'isHf': False, 'isMod': False, 'isEnterprise': False}",94236,False,mixedbread-ai/deepset-mxbai-embed-de-large-v1,cold,2024-08-13T02:59:22.000Z,31,feature-extraction,False,model,False,,1.94GB | 907MB | 973MB | 488MB | 926MB | 539MB | 488MB | 488MB,511705088.0,2083059138.56,19,24-08-2024
19,Xenova,"{'avatarUrl': 'https://cdn-avatars.huggingface.co/v1/production/uploads/61b253b7ac5ecaae3d1efe0c/hwiQ0uvz3t-L5a-NtBIO6.png', 'fullname': 'Joshua', 'name': 'Xenova', 'type': 'user', 'isPro': False, 'isHf': True, 'isMod': False}",162094,False,Xenova/all-MiniLM-L6-v2,pipeline-library-pair-not-supported,2024-03-12T03:11:08.000Z,44,feature-extraction,False,model,False,,90.4MB | 45.3MB | 23MB | 23MB,24117248.0,94791270.4,20,24-08-2024
20,Xenova,"{'avatarUrl': 'https://cdn-avatars.huggingface.co/v1/production/uploads/61b253b7ac5ecaae3d1efe0c/hwiQ0uvz3t-L5a-NtBIO6.png', 'fullname': 'Joshua', 'name': 'Xenova', 'type': 'user', 'isPro': False, 'isHf': True, 'isMod': False}",17,False,Xenova/paraphrase-albert-small-v2,pipeline-library-pair-not-supported,2024-03-21T12:03:05.000Z,0,feature-extraction,False,model,False,,44.6MB | 22.4MB | 39.7MB,23488102.4,46766489.6,21,24-08-2024
21,Xenova,"{'avatarUrl': 'https://cdn-avatars.huggingface.co/v1/production/uploads/61b253b7ac5ecaae3d1efe0c/hwiQ0uvz3t-L5a-NtBIO6.png', 'fullname': 'Joshua', 'name': 'Xenova', 'type': 'user', 'isPro': False, 'isHf': True, 'isMod': False}",8,False,Xenova/paraphrase-albert-base-v2,pipeline-library-pair-not-supported,2024-03-21T12:03:10.000Z,0,feature-extraction,False,model,False,,44.7MB | 22.7MB | 40MB,23802675.2,46871347.2,22,24-08-2024
22,Xenova,"{'avatarUrl': 'https://cdn-avatars.huggingface.co/v1/production/uploads/61b253b7ac5ecaae3d1efe0c/hwiQ0uvz3t-L5a-NtBIO6.png', 'fullname': 'Joshua', 'name': 'Xenova', 'type': 'user', 'isPro': False, 'isHf': True, 'isMod': False}",5,False,Xenova/squeezebert-uncased,pipeline-library-pair-not-supported,2024-03-21T12:03:18.000Z,0,feature-extraction,False,model,False,,202MB | 101MB | 51.2MB,53687091.2,211812352.0,23,24-08-2024
23,Xenova,"{'avatarUrl': 'https://cdn-avatars.huggingface.co/v1/production/uploads/61b253b7ac5ecaae3d1efe0c/hwiQ0uvz3t-L5a-NtBIO6.png', 'fullname': 'Joshua', 'name': 'Xenova', 'type': 'user', 'isPro': False, 'isHf': True, 'isMod': False}",5,False,Xenova/squeezebert-mnli,pipeline-library-pair-not-supported,2024-03-21T12:03:25.000Z,0,feature-extraction,False,model,False,,202MB | 101MB | 51.3MB,53791948.8,211812352.0,24,24-08-2024
24,Xenova,"{'avatarUrl': 'https://cdn-avatars.huggingface.co/v1/production/uploads/61b253b7ac5ecaae3d1efe0c/hwiQ0uvz3t-L5a-NtBIO6.png', 'fullname': 'Joshua', 'name': 'Xenova', 'type': 'user', 'isPro': False, 'isHf': True, 'isMod': False}",141,False,Xenova/all-distilroberta-v1,pipeline-library-pair-not-supported,2024-03-15T03:16:50.000Z,0,feature-extraction,False,model,False,,326MB | 163MB | 82.1MB,86088089.6,341835776.0,25,24-08-2024
25,Xenova,"{'avatarUrl': 'https://cdn-avatars.huggingface.co/v1/production/uploads/61b253b7ac5ecaae3d1efe0c/hwiQ0uvz3t-L5a-NtBIO6.png', 'fullname': 'Joshua', 'name': 'Xenova', 'type': 'user', 'isPro': False, 'isHf': True, 'isMod': False}",1146,False,Xenova/paraphrase-multilingual-MiniLM-L12-v2,pipeline-library-pair-not-supported,2024-03-12T01:21:35.000Z,8,feature-extraction,False,model,False,,470MB | 235MB | 118MB,123731968.0,492830720.0,26,24-08-2024
26,Xenova,"{'avatarUrl': 'https://cdn-avatars.huggingface.co/v1/production/uploads/61b253b7ac5ecaae3d1efe0c/hwiQ0uvz3t-L5a-NtBIO6.png', 'fullname': 'Joshua', 'name': 'Xenova', 'type': 'user', 'isPro': False, 'isHf': True, 'isMod': False}",21,False,Xenova/paraphrase-MiniLM-L6-v2,pipeline-library-pair-not-supported,2024-03-12T01:21:47.000Z,0,feature-extraction,False,model,False,,90.4MB | 45.3MB | 23MB,24117248.0,94791270.4,27,24-08-2024
27,Xenova,"{'avatarUrl': 'https://cdn-avatars.huggingface.co/v1/production/uploads/61b253b7ac5ecaae3d1efe0c/hwiQ0uvz3t-L5a-NtBIO6.png', 'fullname': 'Joshua', 'name': 'Xenova', 'type': 'user', 'isPro': False, 'isHf': True, 'isMod': False}",3605,False,Xenova/all-mpnet-base-v2,pipeline-library-pair-not-supported,2024-03-15T03:17:18.000Z,1,feature-extraction,False,model,False,,436MB | 218MB | 110MB,115343360.0,457179136.0,28,24-08-2024
28,Xenova,"{'avatarUrl': 'https://cdn-avatars.huggingface.co/v1/production/uploads/61b253b7ac5ecaae3d1efe0c/hwiQ0uvz3t-L5a-NtBIO6.png', 'fullname': 'Joshua', 'name': 'Xenova', 'type': 'user', 'isPro': False, 'isHf': True, 'isMod': False}",5,False,Xenova/all-roberta-large-v1,pipeline-library-pair-not-supported,2024-03-15T03:18:56.000Z,0,feature-extraction,False,model,False,,1.42GB | 709MB | 357MB,374341632.0,1524713390.08,29,24-08-2024
29,Xenova,"{'avatarUrl': 'https://cdn-avatars.huggingface.co/v1/production/uploads/61b253b7ac5ecaae3d1efe0c/hwiQ0uvz3t-L5a-NtBIO6.png', 'fullname': 'Joshua', 'name': 'Xenova', 'type': 'user', 'isPro': False, 'isHf': True, 'isMod': False}",5,False,Xenova/bert-base-nli-mean-tokens,pipeline-library-pair-not-supported,2024-03-12T01:22:17.000Z,0,feature-extraction,False,model,False,,436MB | 218MB | 110MB,115343360.0,457179136.0,30,24-08-2024
30,Xenova,"{'avatarUrl': 'https://cdn-avatars.huggingface.co/v1/production/uploads/61b253b7ac5ecaae3d1efe0c/hwiQ0uvz3t-L5a-NtBIO6.png', 'fullname': 'Joshua', 'name': 'Xenova', 'type': 'user', 'isPro': False, 'isHf': True, 'isMod': False}",6,False,Xenova/distilbert-base-nli-mean-tokens,pipeline-library-pair-not-supported,2024-03-21T12:03:34.000Z,0,feature-extraction,False,model,False,,266MB | 133MB | 66.9MB,70149734.4,278921216.0,31,24-08-2024
31,Xenova,"{'avatarUrl': 'https://cdn-avatars.huggingface.co/v1/production/uploads/61b253b7ac5ecaae3d1efe0c/hwiQ0uvz3t-L5a-NtBIO6.png', 'fullname': 'Joshua', 'name': 'Xenova', 'type': 'user', 'isPro': False, 'isHf': True, 'isMod': False}",8,False,Xenova/distilbert-base-nli-stsb-mean-tokens,pipeline-library-pair-not-supported,2024-03-21T12:03:42.000Z,0,feature-extraction,False,model,False,,266MB | 133MB | 66.9MB,70149734.4,278921216.0,32,24-08-2024
32,Xenova,"{'avatarUrl': 'https://cdn-avatars.huggingface.co/v1/production/uploads/61b253b7ac5ecaae3d1efe0c/hwiQ0uvz3t-L5a-NtBIO6.png', 'fullname': 'Joshua', 'name': 'Xenova', 'type': 'user', 'isPro': False, 'isHf': True, 'isMod': False}",112,False,Xenova/distiluse-base-multilingual-cased-v1,pipeline-library-pair-not-supported,2024-03-21T12:03:59.000Z,0,feature-extraction,False,model,False,,539MB | 270MB | 135MB,141557760.0,565182464.0,33,24-08-2024
33,Xenova,"{'avatarUrl': 'https://cdn-avatars.huggingface.co/v1/production/uploads/61b253b7ac5ecaae3d1efe0c/hwiQ0uvz3t-L5a-NtBIO6.png', 'fullname': 'Joshua', 'name': 'Xenova', 'type': 'user', 'isPro': False, 'isHf': True, 'isMod': False}",711,False,Xenova/distiluse-base-multilingual-cased-v2,pipeline-library-pair-not-supported,2024-03-21T12:04:16.000Z,4,feature-extraction,False,model,False,,539MB | 270MB | 135MB,141557760.0,565182464.0,34,24-08-2024
34,Xenova,"{'avatarUrl': 'https://cdn-avatars.huggingface.co/v1/production/uploads/61b253b7ac5ecaae3d1efe0c/hwiQ0uvz3t-L5a-NtBIO6.png', 'fullname': 'Joshua', 'name': 'Xenova', 'type': 'user', 'isPro': False, 'isHf': True, 'isMod': False}",7,False,Xenova/msmarco-distilbert-base-v4,pipeline-library-pair-not-supported,2024-03-21T12:04:25.000Z,0,feature-extraction,False,model,False,,266MB | 133MB | 66.9MB,70149734.4,278921216.0,35,24-08-2024
35,Xenova,"{'avatarUrl': 'https://cdn-avatars.huggingface.co/v1/production/uploads/61b253b7ac5ecaae3d1efe0c/hwiQ0uvz3t-L5a-NtBIO6.png', 'fullname': 'Joshua', 'name': 'Xenova', 'type': 'user', 'isPro': False, 'isHf': True, 'isMod': False}",85,False,Xenova/multi-qa-MiniLM-L6-cos-v1,pipeline-library-pair-not-supported,2024-03-12T01:22:25.000Z,2,feature-extraction,False,model,False,,90.4MB | 45.3MB | 23MB,24117248.0,94791270.4,36,24-08-2024
36,Xenova,"{'avatarUrl': 'https://cdn-avatars.huggingface.co/v1/production/uploads/61b253b7ac5ecaae3d1efe0c/hwiQ0uvz3t-L5a-NtBIO6.png', 'fullname': 'Joshua', 'name': 'Xenova', 'type': 'user', 'isPro': False, 'isHf': True, 'isMod': False}",5,False,Xenova/multi-qa-distilbert-cos-v1,pipeline-library-pair-not-supported,2024-03-15T03:19:15.000Z,0,feature-extraction,False,model,False,,266MB | 133MB | 66.9MB,70149734.4,278921216.0,37,24-08-2024
37,Xenova,"{'avatarUrl': 'https://cdn-avatars.huggingface.co/v1/production/uploads/61b253b7ac5ecaae3d1efe0c/hwiQ0uvz3t-L5a-NtBIO6.png', 'fullname': 'Joshua', 'name': 'Xenova', 'type': 'user', 'isPro': False, 'isHf': True, 'isMod': False}",5,False,Xenova/multi-qa-mpnet-base-cos-v1,pipeline-library-pair-not-supported,2024-03-15T03:19:47.000Z,0,feature-extraction,False,model,False,,436MB | 218MB | 110MB,115343360.0,457179136.0,38,24-08-2024
38,Xenova,"{'avatarUrl': 'https://cdn-avatars.huggingface.co/v1/production/uploads/61b253b7ac5ecaae3d1efe0c/hwiQ0uvz3t-L5a-NtBIO6.png', 'fullname': 'Joshua', 'name': 'Xenova', 'type': 'user', 'isPro': False, 'isHf': True, 'isMod': False}",159,False,Xenova/multi-qa-mpnet-base-dot-v1,pipeline-library-pair-not-supported,2024-03-15T03:20:16.000Z,1,feature-extraction,False,model,False,,436MB | 218MB | 110MB,115343360.0,457179136.0,39,24-08-2024
39,Xenova,"{'avatarUrl': 'https://cdn-avatars.huggingface.co/v1/production/uploads/61b253b7ac5ecaae3d1efe0c/hwiQ0uvz3t-L5a-NtBIO6.png', 'fullname': 'Joshua', 'name': 'Xenova', 'type': 'user', 'isPro': False, 'isHf': True, 'isMod': False}",5,False,Xenova/nli-mpnet-base-v2,pipeline-library-pair-not-supported,2024-03-21T12:04:38.000Z,0,feature-extraction,False,model,False,,436MB | 218MB | 110MB,115343360.0,457179136.0,40,24-08-2024
40,Xenova,"{'avatarUrl': 'https://cdn-avatars.huggingface.co/v1/production/uploads/61b253b7ac5ecaae3d1efe0c/hwiQ0uvz3t-L5a-NtBIO6.png', 'fullname': 'Joshua', 'name': 'Xenova', 'type': 'user', 'isPro': False, 'isHf': True, 'isMod': False}",13,False,Xenova/paraphrase-MiniLM-L3-v2,pipeline-library-pair-not-supported,2024-03-12T01:22:32.000Z,0,feature-extraction,False,model,False,,69MB | 34.6MB | 17.5MB,18350080.0,72351744.0,41,24-08-2024
41,Xenova,"{'avatarUrl': 'https://cdn-avatars.huggingface.co/v1/production/uploads/61b253b7ac5ecaae3d1efe0c/hwiQ0uvz3t-L5a-NtBIO6.png', 'fullname': 'Joshua', 'name': 'Xenova', 'type': 'user', 'isPro': False, 'isHf': True, 'isMod': False}",3,False,Xenova/paraphrase-mpnet-base-v2,pipeline-library-pair-not-supported,2024-03-21T12:04:52.000Z,0,feature-extraction,False,model,False,,436MB | 218MB | 110MB,115343360.0,457179136.0,42,24-08-2024
42,Xenova,"{'avatarUrl': 'https://cdn-avatars.huggingface.co/v1/production/uploads/61b253b7ac5ecaae3d1efe0c/hwiQ0uvz3t-L5a-NtBIO6.png', 'fullname': 'Joshua', 'name': 'Xenova', 'type': 'user', 'isPro': False, 'isHf': True, 'isMod': False}",2,False,Xenova/xlm-r-100langs-bert-base-nli-stsb-mean-tokens,pipeline-library-pair-not-supported,2024-03-21T12:06:02.000Z,0,feature-extraction,False,model,False,,1.11GB | 555MB | 279MB,292552704.0,1191853424.64,43,24-08-2024
43,Xenova,"{'avatarUrl': 'https://cdn-avatars.huggingface.co/v1/production/uploads/61b253b7ac5ecaae3d1efe0c/hwiQ0uvz3t-L5a-NtBIO6.png', 'fullname': 'Joshua', 'name': 'Xenova', 'type': 'user', 'isPro': False, 'isHf': True, 'isMod': False}",579,False,Xenova/all-MiniLM-L12-v2,pipeline-library-pair-not-supported,2024-03-12T01:22:43.000Z,3,feature-extraction,False,model,False,,133MB | 66.7MB | 34MB,35651584.0,139460608.0,44,24-08-2024
44,Xenova,"{'avatarUrl': 'https://cdn-avatars.huggingface.co/v1/production/uploads/61b253b7ac5ecaae3d1efe0c/hwiQ0uvz3t-L5a-NtBIO6.png', 'fullname': 'Joshua', 'name': 'Xenova', 'type': 'user', 'isPro': False, 'isHf': True, 'isMod': False}",1,False,Xenova/scibert_scivocab_uncased,pipeline-library-pair-not-supported,2024-03-12T01:23:14.000Z,0,feature-extraction,False,model,False,,438MB | 219MB | 111MB,116391936.0,459276288.0,45,24-08-2024
45,Xenova,"{'avatarUrl': 'https://cdn-avatars.huggingface.co/v1/production/uploads/61b253b7ac5ecaae3d1efe0c/hwiQ0uvz3t-L5a-NtBIO6.png', 'fullname': 'Joshua', 'name': 'Xenova', 'type': 'user', 'isPro': False, 'isHf': True, 'isMod': False}",7,False,Xenova/spanbert-large-cased,pipeline-library-pair-not-supported,2024-03-12T01:25:46.000Z,0,feature-extraction,False,model,False,,1.33GB | 666MB | 335MB,351272960.0,1428076625.92,46,24-08-2024
46,Xenova,"{'avatarUrl': 'https://cdn-avatars.huggingface.co/v1/production/uploads/61b253b7ac5ecaae3d1efe0c/hwiQ0uvz3t-L5a-NtBIO6.png', 'fullname': 'Joshua', 'name': 'Xenova', 'type': 'user', 'isPro': False, 'isHf': True, 'isMod': False}",3,False,Xenova/spanbert-base-cased,pipeline-library-pair-not-supported,2024-03-12T01:26:18.000Z,0,feature-extraction,False,model,False,,431MB | 216MB | 109MB,114294784.0,451936256.0,47,24-08-2024
47,sdan,"{'avatarUrl': '/avatars/d0eaf646e2d69def5ce1a549fbccf8c0.svg', 'fullname': 'sdan', 'name': 'sdan', 'type': 'user', 'isPro': False, 'isHf': False, 'isMod': False}",5,False,sdan/simple-embeddings,pipeline-library-pair-not-supported,2023-06-14T23:42:54.000Z,0,feature-extraction,False,model,False,,90.4MB | 23MB,24117248.0,94791270.4,48,24-08-2024
48,Xenova,"{'avatarUrl': 'https://cdn-avatars.huggingface.co/v1/production/uploads/61b253b7ac5ecaae3d1efe0c/hwiQ0uvz3t-L5a-NtBIO6.png', 'fullname': 'Joshua', 'name': 'Xenova', 'type': 'user', 'isPro': False, 'isHf': True, 'isMod': False}",9,False,Xenova/sentence_bert,pipeline-library-pair-not-supported,2024-03-12T01:26:51.000Z,0,feature-extraction,False,model,False,,436MB | 218MB | 110MB,115343360.0,457179136.0,49,24-08-2024
49,Xenova,"{'avatarUrl': 'https://cdn-avatars.huggingface.co/v1/production/uploads/61b253b7ac5ecaae3d1efe0c/hwiQ0uvz3t-L5a-NtBIO6.png', 'fullname': 'Joshua', 'name': 'Xenova', 'type': 'user', 'isPro': False, 'isHf': True, 'isMod': False}",20,False,Xenova/e5-small-v2,pipeline-library-pair-not-supported,2024-03-12T01:27:02.000Z,3,feature-extraction,False,model,False,,133MB | 66.7MB | 34MB,35651584.0,139460608.0,50,24-08-2024
50,Xenova,"{'avatarUrl': 'https://cdn-avatars.huggingface.co/v1/production/uploads/61b253b7ac5ecaae3d1efe0c/hwiQ0uvz3t-L5a-NtBIO6.png', 'fullname': 'Joshua', 'name': 'Xenova', 'type': 'user', 'isPro': False, 'isHf': True, 'isMod': False}",4,False,Xenova/SapBERT-from-PubMedBERT-fulltext,pipeline-library-pair-not-supported,2024-03-12T01:27:31.000Z,0,feature-extraction,False,model,False,,436MB | 218MB | 110MB,115343360.0,457179136.0,51,24-08-2024
51,Xenova,"{'avatarUrl': 'https://cdn-avatars.huggingface.co/v1/production/uploads/61b253b7ac5ecaae3d1efe0c/hwiQ0uvz3t-L5a-NtBIO6.png', 'fullname': 'Joshua', 'name': 'Xenova', 'type': 'user', 'isPro': False, 'isHf': True, 'isMod': False}",16,False,Xenova/indobert-base-p1,pipeline-library-pair-not-supported,2024-03-12T01:28:05.000Z,0,feature-extraction,False,model,False,,496MB | 248MB | 125MB,131072000.0,520093696.0,52,24-08-2024
52,Xenova,"{'avatarUrl': 'https://cdn-avatars.huggingface.co/v1/production/uploads/61b253b7ac5ecaae3d1efe0c/hwiQ0uvz3t-L5a-NtBIO6.png', 'fullname': 'Joshua', 'name': 'Xenova', 'type': 'user', 'isPro': False, 'isHf': True, 'isMod': False}",8,False,Xenova/UMLSBert_ENG,pipeline-library-pair-not-supported,2024-03-12T01:28:40.000Z,1,feature-extraction,False,model,False,,436MB | 218MB | 110MB,115343360.0,457179136.0,53,24-08-2024
53,Xenova,"{'avatarUrl': 'https://cdn-avatars.huggingface.co/v1/production/uploads/61b253b7ac5ecaae3d1efe0c/hwiQ0uvz3t-L5a-NtBIO6.png', 'fullname': 'Joshua', 'name': 'Xenova', 'type': 'user', 'isPro': False, 'isHf': True, 'isMod': False}",3,False,Xenova/rubert-base-cased,pipeline-library-pair-not-supported,2024-03-12T01:29:28.000Z,0,feature-extraction,False,model,False,,709MB | 355MB | 178MB,186646528.0,743440384.0,54,24-08-2024
54,Xenova,"{'avatarUrl': 'https://cdn-avatars.huggingface.co/v1/production/uploads/61b253b7ac5ecaae3d1efe0c/hwiQ0uvz3t-L5a-NtBIO6.png', 'fullname': 'Joshua', 'name': 'Xenova', 'type': 'user', 'isPro': False, 'isHf': True, 'isMod': False}",3,False,Xenova/kobert,pipeline-library-pair-not-supported,2024-03-12T01:29:53.000Z,0,feature-extraction,False,model,False,,367MB | 184MB | 92.8MB,97307852.8,384827392.0,55,24-08-2024
55,Xenova,"{'avatarUrl': 'https://cdn-avatars.huggingface.co/v1/production/uploads/61b253b7ac5ecaae3d1efe0c/hwiQ0uvz3t-L5a-NtBIO6.png', 'fullname': 'Joshua', 'name': 'Xenova', 'type': 'user', 'isPro': False, 'isHf': True, 'isMod': False}",5,False,Xenova/e5-small,pipeline-library-pair-not-supported,2024-03-12T01:30:04.000Z,0,feature-extraction,False,model,False,,133MB | 66.7MB | 34MB,35651584.0,139460608.0,56,24-08-2024
56,Xenova,"{'avatarUrl': 'https://cdn-avatars.huggingface.co/v1/production/uploads/61b253b7ac5ecaae3d1efe0c/hwiQ0uvz3t-L5a-NtBIO6.png', 'fullname': 'Joshua', 'name': 'Xenova', 'type': 'user', 'isPro': False, 'isHf': True, 'isMod': False}",5,False,Xenova/e5-large,pipeline-library-pair-not-supported,2024-03-12T01:31:36.000Z,0,feature-extraction,False,model,False,,1.34GB | 669MB | 337MB,353370112.0,1438814044.16,57,24-08-2024
57,Xenova,"{'avatarUrl': 'https://cdn-avatars.huggingface.co/v1/production/uploads/61b253b7ac5ecaae3d1efe0c/hwiQ0uvz3t-L5a-NtBIO6.png', 'fullname': 'Joshua', 'name': 'Xenova', 'type': 'user', 'isPro': False, 'isHf': True, 'isMod': False}",480,False,Xenova/e5-large-v2,pipeline-library-pair-not-supported,2024-03-12T01:33:04.000Z,5,feature-extraction,False,model,False,,1.34GB | 669MB | 337MB,353370112.0,1438814044.16,58,24-08-2024
58,Xenova,"{'avatarUrl': 'https://cdn-avatars.huggingface.co/v1/production/uploads/61b253b7ac5ecaae3d1efe0c/hwiQ0uvz3t-L5a-NtBIO6.png', 'fullname': 'Joshua', 'name': 'Xenova', 'type': 'user', 'isPro': False, 'isHf': True, 'isMod': False}",4,False,Xenova/e5-base,pipeline-library-pair-not-supported,2024-03-12T01:33:34.000Z,0,feature-extraction,False,model,False,,436MB | 218MB | 110MB,115343360.0,457179136.0,59,24-08-2024
59,Xenova,"{'avatarUrl': 'https://cdn-avatars.huggingface.co/v1/production/uploads/61b253b7ac5ecaae3d1efe0c/hwiQ0uvz3t-L5a-NtBIO6.png', 'fullname': 'Joshua', 'name': 'Xenova', 'type': 'user', 'isPro': False, 'isHf': True, 'isMod': False}",6,False,Xenova/e5-base-v2,pipeline-library-pair-not-supported,2024-03-12T01:34:04.000Z,0,feature-extraction,False,model,False,,436MB | 218MB | 110MB,115343360.0,457179136.0,60,24-08-2024
60,Xenova,"{'avatarUrl': 'https://cdn-avatars.huggingface.co/v1/production/uploads/61b253b7ac5ecaae3d1efe0c/hwiQ0uvz3t-L5a-NtBIO6.png', 'fullname': 'Joshua', 'name': 'Xenova', 'type': 'user', 'isPro': False, 'isHf': True, 'isMod': False}",41,False,Xenova/multilingual-e5-base,pipeline-library-pair-not-supported,2024-03-21T12:06:38.000Z,1,feature-extraction,False,model,False,,1.11GB | 555MB | 279MB,292552704.0,1191853424.64,61,24-08-2024
61,Xenova,"{'avatarUrl': 'https://cdn-avatars.huggingface.co/v1/production/uploads/61b253b7ac5ecaae3d1efe0c/hwiQ0uvz3t-L5a-NtBIO6.png', 'fullname': 'Joshua', 'name': 'Xenova', 'type': 'user', 'isPro': False, 'isHf': True, 'isMod': False}",12,False,Xenova/instructor-base,pipeline-library-pair-not-supported,2023-09-08T01:12:15.000Z,0,feature-extraction,False,model,False,,552MB | 552MB | 140MB | 139MB | 495MB | 125MB | 439MB | 110MB,115343360.0,578813952.0,62,24-08-2024
62,Xenova,"{'avatarUrl': 'https://cdn-avatars.huggingface.co/v1/production/uploads/61b253b7ac5ecaae3d1efe0c/hwiQ0uvz3t-L5a-NtBIO6.png', 'fullname': 'Joshua', 'name': 'Xenova', 'type': 'user', 'isPro': False, 'isHf': True, 'isMod': False}",11,False,Xenova/instructor-large,pipeline-library-pair-not-supported,2023-09-08T01:14:24.000Z,1,feature-extraction,False,model,False,,1.74GB | 1.74GB | 439MB | 438MB | 1.54GB | 388MB | 1.34GB | 337MB,353370112.0,1868310773.76,63,24-08-2024
63,Xenova,"{'avatarUrl': 'https://cdn-avatars.huggingface.co/v1/production/uploads/61b253b7ac5ecaae3d1efe0c/hwiQ0uvz3t-L5a-NtBIO6.png', 'fullname': 'Joshua', 'name': 'Xenova', 'type': 'user', 'isPro': False, 'isHf': True, 'isMod': False}",5,False,Xenova/sentence-t5-large,pipeline-library-pair-not-supported,2023-09-08T01:13:29.000Z,0,feature-extraction,False,model,False,,1.74GB | 1.74GB | 439MB | 438MB | 1.54GB | 388MB | 1.34GB | 337MB,353370112.0,1868310773.76,64,24-08-2024
64,Xenova,"{'avatarUrl': 'https://cdn-avatars.huggingface.co/v1/production/uploads/61b253b7ac5ecaae3d1efe0c/hwiQ0uvz3t-L5a-NtBIO6.png', 'fullname': 'Joshua', 'name': 'Xenova', 'type': 'user', 'isPro': False, 'isHf': True, 'isMod': False}",284,False,Xenova/multilingual-e5-small,pipeline-library-pair-not-supported,2024-03-12T01:34:41.000Z,2,feature-extraction,False,model,False,,470MB | 235MB | 118MB,123731968.0,492830720.0,65,24-08-2024
65,Xenova,"{'avatarUrl': 'https://cdn-avatars.huggingface.co/v1/production/uploads/61b253b7ac5ecaae3d1efe0c/hwiQ0uvz3t-L5a-NtBIO6.png', 'fullname': 'Joshua', 'name': 'Xenova', 'type': 'user', 'isPro': False, 'isHf': True, 'isMod': False}",3,False,Xenova/mms-300m,pipeline-library-pair-not-supported,2024-03-21T12:08:21.000Z,0,feature-extraction,False,model,False,,1.26GB | 632MB | 318MB,333447168.0,1352914698.24,66,24-08-2024
66,Xenova,"{'avatarUrl': 'https://cdn-avatars.huggingface.co/v1/production/uploads/61b253b7ac5ecaae3d1efe0c/hwiQ0uvz3t-L5a-NtBIO6.png', 'fullname': 'Joshua', 'name': 'Xenova', 'type': 'user', 'isPro': False, 'isHf': True, 'isMod': False}",4,False,Xenova/mms-1b,pipeline-library-pair-not-supported,2024-03-21T12:10:25.000Z,0,feature-extraction,False,model,False,,1.13MB | 1.93GB | 969MB,1184890.88,2072321720.32,67,24-08-2024
67,Supabase,"{'avatarUrl': 'https://cdn-avatars.huggingface.co/v1/production/uploads/63267719ff539edeea96336a/I4961jNG67wvlqZP1swzQ.png', 'fullname': 'Supabase', 'name': 'Supabase', 'type': 'org', 'isHf': False, 'isMod': False, 'isEnterprise': False}",7,False,Supabase/e5-small-v2,pipeline-library-pair-not-supported,2024-03-18T18:03:35.000Z,1,feature-extraction,False,model,False,,133MB | 66.7MB | 34MB,35651584.0,139460608.0,68,24-08-2024
68,Supabase,"{'avatarUrl': 'https://cdn-avatars.huggingface.co/v1/production/uploads/63267719ff539edeea96336a/I4961jNG67wvlqZP1swzQ.png', 'fullname': 'Supabase', 'name': 'Supabase', 'type': 'org', 'isHf': False, 'isMod': False, 'isEnterprise': False}",966,False,Supabase/all-MiniLM-L6-v2,pipeline-library-pair-not-supported,2024-03-18T18:04:18.000Z,3,feature-extraction,False,model,False,,90.4MB | 45.3MB | 23MB,24117248.0,94791270.4,69,24-08-2024
69,Xenova,"{'avatarUrl': 'https://cdn-avatars.huggingface.co/v1/production/uploads/61b253b7ac5ecaae3d1efe0c/hwiQ0uvz3t-L5a-NtBIO6.png', 'fullname': 'Joshua', 'name': 'Xenova', 'type': 'user', 'isPro': False, 'isHf': True, 'isMod': False}",2757,False,Xenova/gte-small,pipeline-library-pair-not-supported,2024-03-12T00:54:08.000Z,13,feature-extraction,False,model,False,,133MB | 66.7MB | 34MB,35651584.0,139460608.0,70,24-08-2024
70,Xenova,"{'avatarUrl': 'https://cdn-avatars.huggingface.co/v1/production/uploads/61b253b7ac5ecaae3d1efe0c/hwiQ0uvz3t-L5a-NtBIO6.png', 'fullname': 'Joshua', 'name': 'Xenova', 'type': 'user', 'isPro': False, 'isHf': True, 'isMod': False}",102,False,Xenova/gte-base,pipeline-library-pair-not-supported,2024-03-12T01:35:12.000Z,0,feature-extraction,False,model,False,,436MB | 218MB | 110MB,115343360.0,457179136.0,71,24-08-2024
71,Xenova,"{'avatarUrl': 'https://cdn-avatars.huggingface.co/v1/production/uploads/61b253b7ac5ecaae3d1efe0c/hwiQ0uvz3t-L5a-NtBIO6.png', 'fullname': 'Joshua', 'name': 'Xenova', 'type': 'user', 'isPro': False, 'isHf': True, 'isMod': False}",69,False,Xenova/gte-large,pipeline-library-pair-not-supported,2024-03-12T01:36:55.000Z,1,feature-extraction,False,model,False,,1.34GB | 669MB | 337MB,353370112.0,1438814044.16,72,24-08-2024
72,Xenova,"{'avatarUrl': 'https://cdn-avatars.huggingface.co/v1/production/uploads/61b253b7ac5ecaae3d1efe0c/hwiQ0uvz3t-L5a-NtBIO6.png', 'fullname': 'Joshua', 'name': 'Xenova', 'type': 'user', 'isPro': False, 'isHf': True, 'isMod': False}",5,False,Xenova/bge-small-en,pipeline-library-pair-not-supported,2024-03-12T01:37:08.000Z,0,feature-extraction,False,model,False,,133MB | 66.7MB | 34MB,35651584.0,139460608.0,73,24-08-2024
73,Xenova,"{'avatarUrl': 'https://cdn-avatars.huggingface.co/v1/production/uploads/61b253b7ac5ecaae3d1efe0c/hwiQ0uvz3t-L5a-NtBIO6.png', 'fullname': 'Joshua', 'name': 'Xenova', 'type': 'user', 'isPro': False, 'isHf': True, 'isMod': False}",6,False,Xenova/bge-base-en,pipeline-library-pair-not-supported,2024-03-12T01:37:37.000Z,0,feature-extraction,False,model,False,,436MB | 218MB | 110MB,115343360.0,457179136.0,74,24-08-2024
74,Xenova,"{'avatarUrl': 'https://cdn-avatars.huggingface.co/v1/production/uploads/61b253b7ac5ecaae3d1efe0c/hwiQ0uvz3t-L5a-NtBIO6.png', 'fullname': 'Joshua', 'name': 'Xenova', 'type': 'user', 'isPro': False, 'isHf': True, 'isMod': False}",6,False,Xenova/bge-large-en,pipeline-library-pair-not-supported,2024-03-12T01:39:10.000Z,0,feature-extraction,False,model,False,,1.34GB | 669MB | 337MB,353370112.0,1438814044.16,75,24-08-2024
75,ggrn,"{'avatarUrl': 'https://cdn-avatars.huggingface.co/v1/production/uploads/63267719ff539edeea96336a/ASNS3IY6apkwOG3k5ev1I.png', 'fullname': 'Greg Richardson', 'name': 'ggrn', 'type': 'user', 'isPro': False, 'isHf': False, 'isMod': False}",4,False,ggrn/bge-small-en,pipeline-library-pair-not-supported,2024-04-26T16:38:15.000Z,1,feature-extraction,False,model,False,,133MB | 66.7MB | 34MB,35651584.0,139460608.0,76,24-08-2024
76,Supabase,"{'avatarUrl': 'https://cdn-avatars.huggingface.co/v1/production/uploads/63267719ff539edeea96336a/I4961jNG67wvlqZP1swzQ.png', 'fullname': 'Supabase', 'name': 'Supabase', 'type': 'org', 'isHf': False, 'isMod': False, 'isEnterprise': False}",21,False,Supabase/bge-small-en,pipeline-library-pair-not-supported,2024-03-18T18:03:59.000Z,1,feature-extraction,False,model,False,,133MB | 66.7MB | 34MB,35651584.0,139460608.0,77,24-08-2024
77,Xenova,"{'avatarUrl': 'https://cdn-avatars.huggingface.co/v1/production/uploads/61b253b7ac5ecaae3d1efe0c/hwiQ0uvz3t-L5a-NtBIO6.png', 'fullname': 'Joshua', 'name': 'Xenova', 'type': 'user', 'isPro': False, 'isHf': True, 'isMod': False}",5,False,Xenova/bge-base-zh,pipeline-library-pair-not-supported,2024-03-12T01:40:46.000Z,0,feature-extraction,False,model,False,,407MB | 204MB | 103MB,108003328.0,426770432.0,78,24-08-2024
78,Xenova,"{'avatarUrl': 'https://cdn-avatars.huggingface.co/v1/production/uploads/61b253b7ac5ecaae3d1efe0c/hwiQ0uvz3t-L5a-NtBIO6.png', 'fullname': 'Joshua', 'name': 'Xenova', 'type': 'user', 'isPro': False, 'isHf': True, 'isMod': False}",6,False,Xenova/bge-large-zh,pipeline-library-pair-not-supported,2024-03-12T01:42:17.000Z,0,feature-extraction,False,model,False,,1.3GB | 650MB | 327MB,342884352.0,1395864371.2,79,24-08-2024
79,Xenova,"{'avatarUrl': 'https://cdn-avatars.huggingface.co/v1/production/uploads/61b253b7ac5ecaae3d1efe0c/hwiQ0uvz3t-L5a-NtBIO6.png', 'fullname': 'Joshua', 'name': 'Xenova', 'type': 'user', 'isPro': False, 'isHf': True, 'isMod': False}",3,False,Xenova/bge-large-zh-noinstruct,pipeline-library-pair-not-supported,2024-03-12T01:43:43.000Z,0,feature-extraction,False,model,False,,1.3GB | 650MB | 327MB,342884352.0,1395864371.2,80,24-08-2024
80,Xenova,"{'avatarUrl': 'https://cdn-avatars.huggingface.co/v1/production/uploads/61b253b7ac5ecaae3d1efe0c/hwiQ0uvz3t-L5a-NtBIO6.png', 'fullname': 'Joshua', 'name': 'Xenova', 'type': 'user', 'isPro': False, 'isHf': True, 'isMod': False}",7,False,Xenova/bge-small-zh,pipeline-library-pair-not-supported,2024-03-12T01:44:55.000Z,1,feature-extraction,False,model,False,,94.9MB | 47.5MB | 24MB,25165824.0,99509862.4,81,24-08-2024
81,Xenova,"{'avatarUrl': 'https://cdn-avatars.huggingface.co/v1/production/uploads/61b253b7ac5ecaae3d1efe0c/hwiQ0uvz3t-L5a-NtBIO6.png', 'fullname': 'Joshua', 'name': 'Xenova', 'type': 'user', 'isPro': False, 'isHf': True, 'isMod': False}",7,False,Xenova/ClinicalBERT,pipeline-library-pair-not-supported,2024-03-15T03:21:24.000Z,1,feature-extraction,False,model,False,,909MB | 455MB | 229MB,240123904.0,953155584.0,82,24-08-2024
82,Xenova,"{'avatarUrl': 'https://cdn-avatars.huggingface.co/v1/production/uploads/61b253b7ac5ecaae3d1efe0c/hwiQ0uvz3t-L5a-NtBIO6.png', 'fullname': 'Joshua', 'name': 'Xenova', 'type': 'user', 'isPro': False, 'isHf': True, 'isMod': False}",5,False,Xenova/LaBSE,pipeline-library-pair-not-supported,2024-03-12T01:47:17.000Z,0,feature-extraction,False,model,False,,1.88GB | 941MB | 472MB,494927872.0,2018634629.12,83,24-08-2024
83,Xenova,"{'avatarUrl': 'https://cdn-avatars.huggingface.co/v1/production/uploads/61b253b7ac5ecaae3d1efe0c/hwiQ0uvz3t-L5a-NtBIO6.png', 'fullname': 'Joshua', 'name': 'Xenova', 'type': 'user', 'isPro': False, 'isHf': True, 'isMod': False}",5,False,Xenova/wavlm-base,pipeline-library-pair-not-supported,2024-03-21T12:10:39.000Z,0,feature-extraction,False,model,False,,378MB | 189MB | 95.4MB,100034150.4,396361728.0,84,24-08-2024
84,Xenova,"{'avatarUrl': 'https://cdn-avatars.huggingface.co/v1/production/uploads/61b253b7ac5ecaae3d1efe0c/hwiQ0uvz3t-L5a-NtBIO6.png', 'fullname': 'Joshua', 'name': 'Xenova', 'type': 'user', 'isPro': False, 'isHf': True, 'isMod': False}",5,False,Xenova/wavlm-base-plus,pipeline-library-pair-not-supported,2024-03-21T12:10:51.000Z,0,feature-extraction,False,model,False,,378MB | 189MB | 95.4MB,100034150.4,396361728.0,85,24-08-2024
85,Xenova,"{'avatarUrl': 'https://cdn-avatars.huggingface.co/v1/production/uploads/61b253b7ac5ecaae3d1efe0c/hwiQ0uvz3t-L5a-NtBIO6.png', 'fullname': 'Joshua', 'name': 'Xenova', 'type': 'user', 'isPro': False, 'isHf': True, 'isMod': False}",7,False,Xenova/wavlm-large,pipeline-library-pair-not-supported,2024-03-21T12:11:38.000Z,1,feature-extraction,False,model,False,,1.26GB | 632MB | 318MB,333447168.0,1352914698.24,86,24-08-2024
86,Xenova,"{'avatarUrl': 'https://cdn-avatars.huggingface.co/v1/production/uploads/61b253b7ac5ecaae3d1efe0c/hwiQ0uvz3t-L5a-NtBIO6.png', 'fullname': 'Joshua', 'name': 'Xenova', 'type': 'user', 'isPro': False, 'isHf': True, 'isMod': False}",3,False,Xenova/sentence-camembert-large,pipeline-library-pair-not-supported,2024-03-21T12:12:16.000Z,0,feature-extraction,False,model,False,,1.34GB | 672MB | 339MB,355467264.0,1438814044.16,87,24-08-2024
87,Xenova,"{'avatarUrl': 'https://cdn-avatars.huggingface.co/v1/production/uploads/61b253b7ac5ecaae3d1efe0c/hwiQ0uvz3t-L5a-NtBIO6.png', 'fullname': 'Joshua', 'name': 'Xenova', 'type': 'user', 'isPro': False, 'isHf': True, 'isMod': False}",3,False,Xenova/herbert-base-cased,pipeline-library-pair-not-supported,2024-03-12T01:47:50.000Z,0,feature-extraction,False,model,False,,496MB | 248MB | 125MB,131072000.0,520093696.0,88,24-08-2024
88,Xenova,"{'avatarUrl': 'https://cdn-avatars.huggingface.co/v1/production/uploads/61b253b7ac5ecaae3d1efe0c/hwiQ0uvz3t-L5a-NtBIO6.png', 'fullname': 'Joshua', 'name': 'Xenova', 'type': 'user', 'isPro': False, 'isHf': True, 'isMod': False}",3,False,Xenova/herbert-large-cased,pipeline-library-pair-not-supported,2024-03-12T01:49:27.000Z,0,feature-extraction,False,model,False,,1.42GB | 709MB | 357MB,374341632.0,1524713390.08,89,24-08-2024
89,Xenova,"{'avatarUrl': 'https://cdn-avatars.huggingface.co/v1/production/uploads/61b253b7ac5ecaae3d1efe0c/hwiQ0uvz3t-L5a-NtBIO6.png', 'fullname': 'Joshua', 'name': 'Xenova', 'type': 'user', 'isPro': False, 'isHf': True, 'isMod': False}",4856,False,Xenova/bge-large-en-v1.5,pipeline-library-pair-not-supported,2024-03-12T01:50:51.000Z,4,feature-extraction,False,model,False,,1.34GB | 669MB | 337MB,353370112.0,1438814044.16,90,24-08-2024
90,Xenova,"{'avatarUrl': 'https://cdn-avatars.huggingface.co/v1/production/uploads/61b253b7ac5ecaae3d1efe0c/hwiQ0uvz3t-L5a-NtBIO6.png', 'fullname': 'Joshua', 'name': 'Xenova', 'type': 'user', 'isPro': False, 'isHf': True, 'isMod': False}",619559,False,Xenova/bge-base-en-v1.5,pipeline-library-pair-not-supported,2024-07-15T10:15:23.000Z,6,feature-extraction,False,model,False,,436MB | 218MB | 110MB,115343360.0,457179136.0,91,24-08-2024
91,Xenova,"{'avatarUrl': 'https://cdn-avatars.huggingface.co/v1/production/uploads/61b253b7ac5ecaae3d1efe0c/hwiQ0uvz3t-L5a-NtBIO6.png', 'fullname': 'Joshua', 'name': 'Xenova', 'type': 'user', 'isPro': False, 'isHf': True, 'isMod': False}",4787,False,Xenova/bge-small-en-v1.5,pipeline-library-pair-not-supported,2024-03-12T01:51:27.000Z,9,feature-extraction,False,model,False,,133MB | 66.7MB | 34MB,35651584.0,139460608.0,92,24-08-2024
92,Xenova,"{'avatarUrl': 'https://cdn-avatars.huggingface.co/v1/production/uploads/61b253b7ac5ecaae3d1efe0c/hwiQ0uvz3t-L5a-NtBIO6.png', 'fullname': 'Joshua', 'name': 'Xenova', 'type': 'user', 'isPro': False, 'isHf': True, 'isMod': False}",17,False,Xenova/bge-large-zh-v1.5,pipeline-library-pair-not-supported,2024-03-12T01:53:05.000Z,3,feature-extraction,False,model,False,,1.3GB | 650MB | 327MB,342884352.0,1395864371.2,93,24-08-2024
93,Xenova,"{'avatarUrl': 'https://cdn-avatars.huggingface.co/v1/production/uploads/61b253b7ac5ecaae3d1efe0c/hwiQ0uvz3t-L5a-NtBIO6.png', 'fullname': 'Joshua', 'name': 'Xenova', 'type': 'user', 'isPro': False, 'isHf': True, 'isMod': False}",167,False,Xenova/bge-base-zh-v1.5,pipeline-library-pair-not-supported,2024-03-12T01:53:28.000Z,1,feature-extraction,False,model,False,,407MB | 204MB | 103MB,108003328.0,426770432.0,94,24-08-2024
94,Xenova,"{'avatarUrl': 'https://cdn-avatars.huggingface.co/v1/production/uploads/61b253b7ac5ecaae3d1efe0c/hwiQ0uvz3t-L5a-NtBIO6.png', 'fullname': 'Joshua', 'name': 'Xenova', 'type': 'user', 'isPro': False, 'isHf': True, 'isMod': False}",380,False,Xenova/bge-small-zh-v1.5,pipeline-library-pair-not-supported,2024-03-12T01:53:37.000Z,1,feature-extraction,False,model,False,,94.9MB | 47.5MB | 24MB,25165824.0,99509862.4,95,24-08-2024
95,leolee9086,"{'avatarUrl': '/avatars/17824253cbfc896d18ec000218de9a22.svg', 'fullname': 'liyuzhang', 'name': 'leolee9086', 'type': 'user', 'isPro': False, 'isHf': False, 'isMod': False}",85,False,leolee9086/text2vec-base-chinese,pipeline-library-pair-not-supported,2023-09-19T17:29:13.000Z,0,feature-extraction,False,model,False,,103MB,108003328.0,108003328.0,96,24-08-2024
96,Xenova,"{'avatarUrl': 'https://cdn-avatars.huggingface.co/v1/production/uploads/61b253b7ac5ecaae3d1efe0c/hwiQ0uvz3t-L5a-NtBIO6.png', 'fullname': 'Joshua', 'name': 'Xenova', 'type': 'user', 'isPro': False, 'isHf': True, 'isMod': False}",8,False,Xenova/long-t5-encodec-tglobal-base,pipeline-library-pair-not-supported,2024-03-21T12:12:59.000Z,0,feature-extraction,False,model,False,,922MB | 463MB | 291MB,305135616.0,966787072.0,97,24-08-2024
97,Xenova,"{'avatarUrl': 'https://cdn-avatars.huggingface.co/v1/production/uploads/61b253b7ac5ecaae3d1efe0c/hwiQ0uvz3t-L5a-NtBIO6.png', 'fullname': 'Joshua', 'name': 'Xenova', 'type': 'user', 'isPro': False, 'isHf': True, 'isMod': False}",18935,False,Xenova/jina-embeddings-v2-small-en,custom-code,2024-03-12T01:53:46.000Z,1,feature-extraction,False,model,False,,130MB | 65MB | 32.8MB,34393292.8,136314880.0,98,24-08-2024
98,Xenova,"{'avatarUrl': 'https://cdn-avatars.huggingface.co/v1/production/uploads/61b253b7ac5ecaae3d1efe0c/hwiQ0uvz3t-L5a-NtBIO6.png', 'fullname': 'Joshua', 'name': 'Xenova', 'type': 'user', 'isPro': False, 'isHf': True, 'isMod': False}",6254,False,Xenova/jina-embeddings-v2-base-en,custom-code,2024-03-12T01:54:17.000Z,7,feature-extraction,False,model,False,,547MB | 274MB | 138MB,144703488.0,573571072.0,99,24-08-2024
99,do-me,"{'avatarUrl': 'https://cdn-avatars.huggingface.co/v1/production/uploads/noauth/IiercF_qxHWize2kitl9X.jpeg', 'fullname': 'Dominik Weckmüller', 'name': 'do-me', 'type': 'user', 'isPro': False, 'isHf': False, 'isMod': False}",7,False,do-me/jina-embeddings-v2-base-en,custom-code,2023-10-29T16:31:39.000Z,0,feature-extraction,False,model,False,,547MB,573571072.0,573571072.0,100,24-08-2024
100,do-me,"{'avatarUrl': 'https://cdn-avatars.huggingface.co/v1/production/uploads/noauth/IiercF_qxHWize2kitl9X.jpeg', 'fullname': 'Dominik Weckmüller', 'name': 'do-me', 'type': 'user', 'isPro': False, 'isHf': False, 'isMod': False}",4,False,do-me/jina-embeddings-v2-small-en,custom-code,2023-10-27T21:44:50.000Z,0,feature-extraction,False,model,False,,130MB,136314880.0,136314880.0,101,24-08-2024
101,ProsESportu,"{'avatarUrl': '/avatars/7807276afdbbb6321d7a108a00879b9e.svg', 'fullname': 'Tomasz Hajduga', 'name': 'ProsESportu', 'type': 'user', 'isPro': False, 'isHf': False, 'isMod': False}",5,False,ProsESportu/mpweb,pipeline-library-pair-not-supported,2023-11-22T17:52:21.000Z,0,feature-extraction,False,model,False,,436MB,457179136.0,457179136.0,102,24-08-2024
102,Xenova,"{'avatarUrl': 'https://cdn-avatars.huggingface.co/v1/production/uploads/61b253b7ac5ecaae3d1efe0c/hwiQ0uvz3t-L5a-NtBIO6.png', 'fullname': 'Joshua', 'name': 'Xenova', 'type': 'user', 'isPro': False, 'isHf': True, 'isMod': False}",6,False,Xenova/clap-htsat-unfused,pipeline-library-pair-not-supported,2024-03-17T14:55:51.000Z,0,feature-extraction,False,model,False,,619MB | 312MB | 161MB,168820736.0,649068544.0,103,24-08-2024
103,Xenova,"{'avatarUrl': 'https://cdn-avatars.huggingface.co/v1/production/uploads/61b253b7ac5ecaae3d1efe0c/hwiQ0uvz3t-L5a-NtBIO6.png', 'fullname': 'Joshua', 'name': 'Xenova', 'type': 'user', 'isPro': False, 'isHf': True, 'isMod': False}",3,False,Xenova/tiny-random-ClapModel,pipeline-library-pair-not-supported,2024-03-17T14:56:40.000Z,0,feature-extraction,False,model,False,,14.8MB | 9.3MB | 6.34MB,6647971.84,15518924.8,104,24-08-2024
104,WhereIsAI,"{'avatarUrl': 'https://www.gravatar.com/avatar/e81bd32cb5ee88835824ad6b60d05697?d=retro&size=100', 'fullname': 'WhereIsAI', 'name': 'WhereIsAI', 'type': 'org', 'isHf': False, 'isMod': False, 'isEnterprise': False}",540445,False,WhereIsAI/UAE-Large-V1,cold,2024-07-28T05:49:12.000Z,199,feature-extraction,False,model,False,,1.34GB | 669MB | 337MB,353370112.0,1438814044.16,105,24-08-2024
105,Xenova,"{'avatarUrl': 'https://cdn-avatars.huggingface.co/v1/production/uploads/61b253b7ac5ecaae3d1efe0c/hwiQ0uvz3t-L5a-NtBIO6.png', 'fullname': 'Joshua', 'name': 'Xenova', 'type': 'user', 'isPro': False, 'isHf': True, 'isMod': False}",12,False,Xenova/larger_clap_general,pipeline-library-pair-not-supported,2024-03-17T15:01:03.000Z,0,feature-extraction,False,model,False,,783MB | 395MB | 205MB,214958080.0,821035008.0,106,24-08-2024
106,Xenova,"{'avatarUrl': 'https://cdn-avatars.huggingface.co/v1/production/uploads/61b253b7ac5ecaae3d1efe0c/hwiQ0uvz3t-L5a-NtBIO6.png', 'fullname': 'Joshua', 'name': 'Xenova', 'type': 'user', 'isPro': False, 'isHf': True, 'isMod': False}",33,False,Xenova/larger_clap_music_and_speech,pipeline-library-pair-not-supported,2024-03-17T15:10:25.000Z,2,feature-extraction,False,model,False,,783MB | 395MB | 205MB,214958080.0,821035008.0,107,24-08-2024
107,Xenova,"{'avatarUrl': 'https://cdn-avatars.huggingface.co/v1/production/uploads/61b253b7ac5ecaae3d1efe0c/hwiQ0uvz3t-L5a-NtBIO6.png', 'fullname': 'Joshua', 'name': 'Xenova', 'type': 'user', 'isPro': False, 'isHf': True, 'isMod': False}",4,False,Xenova/conv-bert-base,pipeline-library-pair-not-supported,2024-03-21T12:17:07.000Z,0,feature-extraction,False,model,False,,423MB | 212MB | 107MB,112197632.0,443547648.0,108,24-08-2024
108,Xenova,"{'avatarUrl': 'https://cdn-avatars.huggingface.co/v1/production/uploads/61b253b7ac5ecaae3d1efe0c/hwiQ0uvz3t-L5a-NtBIO6.png', 'fullname': 'Joshua', 'name': 'Xenova', 'type': 'user', 'isPro': False, 'isHf': True, 'isMod': False}",6,False,Xenova/conv-bert-medium-small,pipeline-library-pair-not-supported,2024-03-21T12:17:16.000Z,0,feature-extraction,False,model,False,,70.4MB | 35.6MB | 18.6MB,19503513.6,73819750.4,109,24-08-2024
109,Xenova,"{'avatarUrl': 'https://cdn-avatars.huggingface.co/v1/production/uploads/61b253b7ac5ecaae3d1efe0c/hwiQ0uvz3t-L5a-NtBIO6.png', 'fullname': 'Joshua', 'name': 'Xenova', 'type': 'user', 'isPro': False, 'isHf': True, 'isMod': False}",4,False,Xenova/electra-base-discriminator,pipeline-library-pair-not-supported,2024-03-21T12:18:00.000Z,0,feature-extraction,False,model,False,,436MB | 218MB | 110MB,115343360.0,457179136.0,110,24-08-2024
110,Xenova,"{'avatarUrl': 'https://cdn-avatars.huggingface.co/v1/production/uploads/61b253b7ac5ecaae3d1efe0c/hwiQ0uvz3t-L5a-NtBIO6.png', 'fullname': 'Joshua', 'name': 'Xenova', 'type': 'user', 'isPro': False, 'isHf': True, 'isMod': False}",3,False,Xenova/conv-bert-small,pipeline-library-pair-not-supported,2024-03-21T12:18:11.000Z,0,feature-extraction,False,model,False,,53MB | 26.9MB | 14.1MB,14784921.6,55574528.0,111,24-08-2024
111,Xenova,"{'avatarUrl': 'https://cdn-avatars.huggingface.co/v1/production/uploads/61b253b7ac5ecaae3d1efe0c/hwiQ0uvz3t-L5a-NtBIO6.png', 'fullname': 'Joshua', 'name': 'Xenova', 'type': 'user', 'isPro': False, 'isHf': True, 'isMod': False}",4,False,Xenova/electra-small-discriminator,pipeline-library-pair-not-supported,2024-03-21T12:18:19.000Z,0,feature-extraction,False,model,False,,54.2MB | 27.3MB | 14.2MB,14889779.2,56832819.2,112,24-08-2024
112,Xenova,"{'avatarUrl': 'https://cdn-avatars.huggingface.co/v1/production/uploads/61b253b7ac5ecaae3d1efe0c/hwiQ0uvz3t-L5a-NtBIO6.png', 'fullname': 'Joshua', 'name': 'Xenova', 'type': 'user', 'isPro': False, 'isHf': True, 'isMod': False}",6,False,Xenova/nucleotide-transformer-500m-human-ref,pipeline-library-pair-not-supported,2024-03-15T03:31:41.000Z,0,feature-extraction,False,model,False,,1.92GB | 958MB | 482MB,505413632.0,2061584302.08,113,24-08-2024
113,Xenova,"{'avatarUrl': 'https://cdn-avatars.huggingface.co/v1/production/uploads/61b253b7ac5ecaae3d1efe0c/hwiQ0uvz3t-L5a-NtBIO6.png', 'fullname': 'Joshua', 'name': 'Xenova', 'type': 'user', 'isPro': False, 'isHf': True, 'isMod': False}",5,False,Xenova/nucleotide-transformer-500m-1000g,pipeline-library-pair-not-supported,2024-03-15T03:33:43.000Z,0,feature-extraction,False,model,False,,1.92GB | 958MB | 482MB,505413632.0,2061584302.08,114,24-08-2024
114,Xenova,"{'avatarUrl': 'https://cdn-avatars.huggingface.co/v1/production/uploads/61b253b7ac5ecaae3d1efe0c/hwiQ0uvz3t-L5a-NtBIO6.png', 'fullname': 'Joshua', 'name': 'Xenova', 'type': 'user', 'isPro': False, 'isHf': True, 'isMod': False}",4,False,Xenova/hubert-base-ls960,pipeline-library-pair-not-supported,2024-03-21T12:18:55.000Z,0,feature-extraction,False,model,False,,378MB | 189MB | 95.6MB,100243865.6,396361728.0,115,24-08-2024
115,Xenova,"{'avatarUrl': 'https://cdn-avatars.huggingface.co/v1/production/uploads/61b253b7ac5ecaae3d1efe0c/hwiQ0uvz3t-L5a-NtBIO6.png', 'fullname': 'Joshua', 'name': 'Xenova', 'type': 'user', 'isPro': False, 'isHf': True, 'isMod': False}",100,False,Xenova/UAE-Large-V1,pipeline-library-pair-not-supported,2024-03-12T01:55:42.000Z,2,feature-extraction,False,model,False,,1.34GB | 669MB | 337MB,353370112.0,1438814044.16,116,24-08-2024
116,Todai,"{'avatarUrl': '/avatars/5d53754314695910793a4ba4deeb0e56.svg', 'fullname': 'Todai Abot', 'name': 'Todai', 'type': 'user', 'isPro': False, 'isHf': False, 'isMod': False}",4,False,Todai/robbert-2022-dutch-sentence-transformers-onnx,not-popular-enough,2023-12-13T09:25:14.000Z,0,sentence-similarity,False,model,False,[],473MB | 119MB,124780544.0,495976448.0,117,24-08-2024
117,odunola,"{'avatarUrl': '/avatars/a584654a54505651eb367a13fdaea440.svg', 'fullname': 'Odunolaoluwa jenrola', 'name': 'odunola', 'type': 'user', 'isPro': False, 'isHf': False, 'isMod': False}",6,False,odunola/UAE-Large-VI,not-popular-enough,2023-12-18T20:58:50.000Z,0,feature-extraction,False,model,False,,1.34GB | 337MB,353370112.0,1438814044.16,118,24-08-2024
118,Xenova,"{'avatarUrl': 'https://cdn-avatars.huggingface.co/v1/production/uploads/61b253b7ac5ecaae3d1efe0c/hwiQ0uvz3t-L5a-NtBIO6.png', 'fullname': 'Joshua', 'name': 'Xenova', 'type': 'user', 'isPro': False, 'isHf': True, 'isMod': False}",4,False,Xenova/tiny-random-RoFormerModel,pipeline-library-pair-not-supported,2024-03-21T12:18:59.000Z,0,feature-extraction,False,model,False,,6.69MB | 3.47MB | 1.88MB,1971322.88,7014973.44,119,24-08-2024
119,karrar-alwaili,"{'avatarUrl': '/avatars/561514dc20432ea85207eed3df5dd54c.svg', 'fullname': 'karrar haidar allaithaoi', 'name': 'karrar-alwaili', 'type': 'user', 'isPro': False, 'isHf': False, 'isMod': False}",5,False,karrar-alwaili/UAE-Large-V1,not-popular-enough,2023-12-22T09:20:50.000Z,0,feature-extraction,False,model,False,,1.34GB | 337MB,353370112.0,1438814044.16,120,24-08-2024
120,Cohee,"{'avatarUrl': 'https://cdn-avatars.huggingface.co/v1/production/uploads/1678743727728-63170aab3eb2544b6235fc5e.png', 'fullname': 'Cohee', 'name': 'Cohee', 'type': 'user', 'isPro': False, 'isHf': False, 'isMod': False}",1339,False,Cohee/jina-embeddings-v2-base-en,custom-code,2024-04-04T13:56:47.000Z,1,feature-extraction,False,model,False,,434MB | 217MB | 109MB,114294784.0,455081984.0,121,24-08-2024
121,aurantium,"{'avatarUrl': 'https://www.gravatar.com/avatar/4440b0698624dc53af55820a50ce32e1?d=retro&size=100', 'fullname': 'Aurantium Labs', 'name': 'aurantium', 'type': 'org', 'isHf': False, 'isMod': False, 'isEnterprise': False}",11,False,aurantium/clip-ViT-B-32-multilingual-v1,pipeline-library-pair-not-supported,2023-12-29T14:44:02.000Z,1,feature-extraction,False,model,False,,541MB | 136MB,142606336.0,567279616.0,122,24-08-2024
122,Xenova,"{'avatarUrl': 'https://cdn-avatars.huggingface.co/v1/production/uploads/61b253b7ac5ecaae3d1efe0c/hwiQ0uvz3t-L5a-NtBIO6.png', 'fullname': 'Joshua', 'name': 'Xenova', 'type': 'user', 'isPro': False, 'isHf': True, 'isMod': False}",17,False,Xenova/colbertv2.0,pipeline-library-pair-not-supported,2024-06-12T14:51:57.000Z,5,feature-extraction,False,model,False,,436MB | 218MB | 110MB,115343360.0,457179136.0,123,24-08-2024
123,nomic-ai,"{'avatarUrl': 'https://cdn-avatars.huggingface.co/v1/production/uploads/641f01fe6d51620635e118e9/wy0ax27ok1-uHWoUAHSEs.png', 'fullname': 'Nomic AI', 'name': 'nomic-ai', 'type': 'org', 'isHf': False, 'isMod': False, 'isEnterprise': False}",4496,False,nomic-ai/nomic-embed-text-v1-unsupervised,explicit-opt-out,2024-08-02T02:24:38.000Z,11,sentence-similarity,False,model,False,[],548MB | 138MB,144703488.0,574619648.0,124,24-08-2024
124,Xenova,"{'avatarUrl': 'https://cdn-avatars.huggingface.co/v1/production/uploads/61b253b7ac5ecaae3d1efe0c/hwiQ0uvz3t-L5a-NtBIO6.png', 'fullname': 'Joshua', 'name': 'Xenova', 'type': 'user', 'isPro': False, 'isHf': True, 'isMod': False}",21,False,Xenova/w2v-bert-2.0,pipeline-library-pair-not-supported,2024-03-21T10:52:51.000Z,0,feature-extraction,False,model,False,,988kB | 1.16GB | 586MB,1011712.0,1245540515.84,125,24-08-2024
125,Xenova,"{'avatarUrl': 'https://cdn-avatars.huggingface.co/v1/production/uploads/61b253b7ac5ecaae3d1efe0c/hwiQ0uvz3t-L5a-NtBIO6.png', 'fullname': 'Joshua', 'name': 'Xenova', 'type': 'user', 'isPro': False, 'isHf': True, 'isMod': False}",556,False,Xenova/jina-embeddings-v2-base-zh,explicit-opt-out,2024-03-12T01:57:42.000Z,0,feature-extraction,False,model,False,,641MB | 321MB | 162MB,169869312.0,672137216.0,126,24-08-2024
126,Xenova,"{'avatarUrl': 'https://cdn-avatars.huggingface.co/v1/production/uploads/61b253b7ac5ecaae3d1efe0c/hwiQ0uvz3t-L5a-NtBIO6.png', 'fullname': 'Joshua', 'name': 'Xenova', 'type': 'user', 'isPro': False, 'isHf': True, 'isMod': False}",14,False,Xenova/jina-embeddings-v2-base-de,explicit-opt-out,2024-03-12T01:58:19.000Z,3,feature-extraction,False,model,False,,641MB | 321MB | 162MB,169869312.0,672137216.0,127,24-08-2024
127,Xenova,"{'avatarUrl': 'https://cdn-avatars.huggingface.co/v1/production/uploads/61b253b7ac5ecaae3d1efe0c/hwiQ0uvz3t-L5a-NtBIO6.png', 'fullname': 'Joshua', 'name': 'Xenova', 'type': 'user', 'isPro': False, 'isHf': True, 'isMod': False}",186,False,Xenova/nomic-embed-text-v1,custom-code,2024-04-01T02:13:44.000Z,0,feature-extraction,False,model,False,,548MB | 274MB | 138MB,144703488.0,574619648.0,128,24-08-2024
128,Xenova,"{'avatarUrl': 'https://cdn-avatars.huggingface.co/v1/production/uploads/61b253b7ac5ecaae3d1efe0c/hwiQ0uvz3t-L5a-NtBIO6.png', 'fullname': 'Joshua', 'name': 'Xenova', 'type': 'user', 'isPro': False, 'isHf': True, 'isMod': False}",5,False,Xenova/nomic-embed-text-v1-unsupervised,custom-code,2024-03-21T12:23:01.000Z,0,feature-extraction,False,model,False,,548MB | 274MB | 138MB,144703488.0,574619648.0,129,24-08-2024
129,Xenova,"{'avatarUrl': 'https://cdn-avatars.huggingface.co/v1/production/uploads/61b253b7ac5ecaae3d1efe0c/hwiQ0uvz3t-L5a-NtBIO6.png', 'fullname': 'Joshua', 'name': 'Xenova', 'type': 'user', 'isPro': False, 'isHf': True, 'isMod': False}",6,False,Xenova/nomic-embed-text-v1-ablated,custom-code,2024-03-21T12:23:55.000Z,0,feature-extraction,False,model,False,,548MB | 274MB | 138MB,144703488.0,574619648.0,130,24-08-2024
130,Xenova,"{'avatarUrl': 'https://cdn-avatars.huggingface.co/v1/production/uploads/61b253b7ac5ecaae3d1efe0c/hwiQ0uvz3t-L5a-NtBIO6.png', 'fullname': 'Joshua', 'name': 'Xenova', 'type': 'user', 'isPro': False, 'isHf': True, 'isMod': False}",463,False,Xenova/bge-m3,pipeline-library-pair-not-supported,2024-03-21T12:27:12.000Z,20,feature-extraction,False,model,False,,607kB | 1.13GB | 570MB,621568.0,1213328261.12,131,24-08-2024
131,koxy-ai,"{'avatarUrl': 'https://www.gravatar.com/avatar/4b0d6d3ef1b6a649e2a8d5e93faf2151?d=retro&size=100', 'fullname': 'Koxy AI', 'name': 'koxy-ai', 'type': 'org', 'isHf': False, 'isMod': False, 'isEnterprise': False}",5,False,koxy-ai/gte-small,pipeline-library-pair-not-supported,2024-03-12T18:27:09.000Z,0,feature-extraction,False,model,False,,133MB | 66.7MB | 34MB,35651584.0,139460608.0,132,24-08-2024
132,mixedbread-ai,"{'avatarUrl': 'https://cdn-avatars.huggingface.co/v1/production/uploads/643ee0870d1194da249bd7fe/voYdYlFgQH5vyMwyMNluZ.png', 'fullname': 'Mixedbread', 'name': 'mixedbread-ai', 'type': 'org', 'isHf': False, 'isMod': False, 'isEnterprise': False}",13320,False,mixedbread-ai/mxbai-embed-2d-large-v1,not-popular-enough,2024-07-22T14:30:13.000Z,33,feature-extraction,False,model,False,,1.34GB | 669MB | 337MB,353370112.0,1438814044.16,133,24-08-2024
133,Xenova,"{'avatarUrl': 'https://cdn-avatars.huggingface.co/v1/production/uploads/61b253b7ac5ecaae3d1efe0c/hwiQ0uvz3t-L5a-NtBIO6.png', 'fullname': 'Joshua', 'name': 'Xenova', 'type': 'user', 'isPro': False, 'isHf': True, 'isMod': False}",4,False,Xenova/tiny-random-ErnieModel,pipeline-library-pair-not-supported,2024-03-23T00:30:42.000Z,0,feature-extraction,False,model,False,,450kB | 343kB | 316kB | 273kB | 348kB | 273kB | 273kB,279552.0,460800.0,134,24-08-2024
134,Xenova,"{'avatarUrl': 'https://cdn-avatars.huggingface.co/v1/production/uploads/61b253b7ac5ecaae3d1efe0c/hwiQ0uvz3t-L5a-NtBIO6.png', 'fullname': 'Joshua', 'name': 'Xenova', 'type': 'user', 'isPro': False, 'isHf': True, 'isMod': False}",4,False,Xenova/ernie-2.0-large-en,pipeline-library-pair-not-supported,2024-03-23T00:32:10.000Z,0,feature-extraction,False,model,False,,1.34GB | 299MB | 669MB | 337MB | 318MB | 337MB | 337MB,313524224.0,1438814044.16,135,24-08-2024
135,Xenova,"{'avatarUrl': 'https://cdn-avatars.huggingface.co/v1/production/uploads/61b253b7ac5ecaae3d1efe0c/hwiQ0uvz3t-L5a-NtBIO6.png', 'fullname': 'Joshua', 'name': 'Xenova', 'type': 'user', 'isPro': False, 'isHf': True, 'isMod': False}",4,False,Xenova/ernie-2.0-base-en,pipeline-library-pair-not-supported,2024-03-23T00:32:37.000Z,0,feature-extraction,False,model,False,,436MB | 144MB | 218MB | 110MB | 149MB | 110MB | 110MB,115343360.0,457179136.0,136,24-08-2024
136,Xenova,"{'avatarUrl': 'https://cdn-avatars.huggingface.co/v1/production/uploads/61b253b7ac5ecaae3d1efe0c/hwiQ0uvz3t-L5a-NtBIO6.png', 'fullname': 'Joshua', 'name': 'Xenova', 'type': 'user', 'isPro': False, 'isHf': True, 'isMod': False}",3,False,Xenova/ernie-health-zh,pipeline-library-pair-not-supported,2024-03-23T00:33:01.000Z,0,feature-extraction,False,model,False,,411MB | 120MB | 206MB | 104MB | 125MB | 104MB | 104MB,109051904.0,430964736.0,137,24-08-2024
137,Xenova,"{'avatarUrl': 'https://cdn-avatars.huggingface.co/v1/production/uploads/61b253b7ac5ecaae3d1efe0c/hwiQ0uvz3t-L5a-NtBIO6.png', 'fullname': 'Joshua', 'name': 'Xenova', 'type': 'user', 'isPro': False, 'isHf': True, 'isMod': False}",3,False,Xenova/ernie-3.0-mini-zh,pipeline-library-pair-not-supported,2024-03-23T00:33:12.000Z,0,feature-extraction,False,model,False,,107MB | 70.9MB | 53.8MB | 27.2MB | 71.5MB | 27.2MB | 27.2MB,28521267.2,112197632.0,138,24-08-2024
138,Xenova,"{'avatarUrl': 'https://cdn-avatars.huggingface.co/v1/production/uploads/61b253b7ac5ecaae3d1efe0c/hwiQ0uvz3t-L5a-NtBIO6.png', 'fullname': 'Joshua', 'name': 'Xenova', 'type': 'user', 'isPro': False, 'isHf': True, 'isMod': False}",4,False,Xenova/ernie-3.0-nano-zh,pipeline-library-pair-not-supported,2024-03-23T00:33:18.000Z,0,feature-extraction,False,model,False,,71.4MB | 55.3MB | 35.8MB | 18.1MB | 55.6MB | 18.1MB | 18.1MB,18979225.6,74868326.4,139,24-08-2024
139,Xenova,"{'avatarUrl': 'https://cdn-avatars.huggingface.co/v1/production/uploads/61b253b7ac5ecaae3d1efe0c/hwiQ0uvz3t-L5a-NtBIO6.png', 'fullname': 'Joshua', 'name': 'Xenova', 'type': 'user', 'isPro': False, 'isHf': True, 'isMod': False}",3,False,Xenova/ernie-3.0-micro-zh,pipeline-library-pair-not-supported,2024-03-23T00:33:26.000Z,0,feature-extraction,False,model,False,,93.1MB | 68.8MB | 46.6MB | 23.5MB | 69.2MB | 23.5MB | 23.5MB,24641536.0,97622425.6,140,24-08-2024
140,Xenova,"{'avatarUrl': 'https://cdn-avatars.huggingface.co/v1/production/uploads/61b253b7ac5ecaae3d1efe0c/hwiQ0uvz3t-L5a-NtBIO6.png', 'fullname': 'Joshua', 'name': 'Xenova', 'type': 'user', 'isPro': False, 'isHf': True, 'isMod': False}",5,False,Xenova/ernie-gram-zh,pipeline-library-pair-not-supported,2024-03-23T00:33:48.000Z,0,feature-extraction,False,model,False,,397MB | 105MB | 199MB | 100MB | 111MB | 100MB | 100MB,104857600.0,416284672.0,141,24-08-2024
141,Xenova,"{'avatarUrl': 'https://cdn-avatars.huggingface.co/v1/production/uploads/61b253b7ac5ecaae3d1efe0c/hwiQ0uvz3t-L5a-NtBIO6.png', 'fullname': 'Joshua', 'name': 'Xenova', 'type': 'user', 'isPro': False, 'isHf': True, 'isMod': False}",6,False,Xenova/text2vec-base-chinese-paraphrase,pipeline-library-pair-not-supported,2024-03-23T00:34:15.000Z,1,feature-extraction,False,model,False,,470MB | 178MB | 235MB | 119MB | 183MB | 119MB | 119MB,124780544.0,492830720.0,142,24-08-2024
142,Xenova,"{'avatarUrl': 'https://cdn-avatars.huggingface.co/v1/production/uploads/61b253b7ac5ecaae3d1efe0c/hwiQ0uvz3t-L5a-NtBIO6.png', 'fullname': 'Joshua', 'name': 'Xenova', 'type': 'user', 'isPro': False, 'isHf': True, 'isMod': False}",4,False,Xenova/text2vec-base-chinese-sentence,pipeline-library-pair-not-supported,2024-03-23T00:34:43.000Z,0,feature-extraction,False,model,False,,470MB | 178MB | 235MB | 119MB | 183MB | 119MB | 119MB,124780544.0,492830720.0,143,24-08-2024
143,Xenova,"{'avatarUrl': 'https://cdn-avatars.huggingface.co/v1/production/uploads/61b253b7ac5ecaae3d1efe0c/hwiQ0uvz3t-L5a-NtBIO6.png', 'fullname': 'Joshua', 'name': 'Xenova', 'type': 'user', 'isPro': False, 'isHf': True, 'isMod': False}",3,False,Xenova/tiny-random-ErnieMModel,pipeline-library-pair-not-supported,2024-03-24T22:54:35.000Z,0,feature-extraction,False,model,False,,32.3MB | 32.2MB | 16.2MB | 8.23MB | 32.2MB | 8.23MB | 8.23MB,8629780.48,33869004.8,144,24-08-2024
144,Xenova,"{'avatarUrl': 'https://cdn-avatars.huggingface.co/v1/production/uploads/61b253b7ac5ecaae3d1efe0c/hwiQ0uvz3t-L5a-NtBIO6.png', 'fullname': 'Joshua', 'name': 'Xenova', 'type': 'user', 'isPro': False, 'isHf': True, 'isMod': False}",53,False,Xenova/GIST-small-Embedding-v0,pipeline-library-pair-not-supported,2024-03-25T12:33:18.000Z,0,feature-extraction,False,model,False,,133MB | 60.1MB | 66.7MB | 34MB | 61.4MB | 34MB | 34MB,35651584.0,139460608.0,145,24-08-2024
145,jinaai,"{'avatarUrl': 'https://cdn-avatars.huggingface.co/v1/production/uploads/603763514de52ff951d89793/AFoybzd5lpBQXEBrQHuTt.png', 'fullname': 'Jina AI', 'name': 'jinaai', 'type': 'org', 'isHf': False, 'isMod': False, 'isEnterprise': False}",4581,False,jinaai/jina-reranker-v1-tiny-en,custom-code,2024-06-20T06:50:01.000Z,11,text-classification,False,model,False,[],132MB | 99.9MB | 66.3MB | 33.4MB | 101MB | 33.4MB | 33.4MB,35022438.4,138412032.0,146,24-08-2024
146,lightbird-ai,"{'avatarUrl': 'https://cdn-avatars.huggingface.co/v1/production/uploads/651db473725e83147b935809/snVYsSH2C72-Bad4PrF8z.png', 'fullname': 'Lightbird AI', 'name': 'lightbird-ai', 'type': 'org', 'isHf': False, 'isMod': False, 'isEnterprise': False}",6,False,lightbird-ai/nomic,custom-code,2024-04-25T19:30:50.000Z,0,sentence-similarity,False,model,False,[],548MB | 138MB,144703488.0,574619648.0,147,24-08-2024
147,sirius422,"{'avatarUrl': 'https://cdn-avatars.huggingface.co/v1/production/uploads/661ac9f47a16dc848a990cb9/xq5yhZmeqD_rSaLRK4hFL.jpeg', 'fullname': 'sirius422', 'name': 'sirius422', 'type': 'user', 'isPro': False, 'isHf': False, 'isMod': False}",4,False,sirius422/multilingual-e5-large-onnx,pipeline-library-pair-not-supported,2024-05-02T13:08:23.000Z,0,feature-extraction,False,model,False,,546kB | 562MB,559104.0,589299712.0,148,24-08-2024
148,corto-ai,"{'avatarUrl': 'https://www.gravatar.com/avatar/5208f74272f9abce14ac985974823387?d=retro&size=100', 'fullname': 'Corto', 'name': 'corto-ai', 'type': 'org', 'isHf': False, 'isMod': False, 'isEnterprise': False}",4313,False,corto-ai/nomic-embed-text-v1,custom-code,2024-05-06T05:18:56.000Z,1,sentence-similarity,False,model,False,[],548MB | 138MB,144703488.0,574619648.0,149,24-08-2024
149,michaelfeil,"{'avatarUrl': 'https://cdn-avatars.huggingface.co/v1/production/uploads/644fac0ce1d7a97f3b653ab1/fottSAPFrJdKeMW2UJv_l.jpeg', 'fullname': 'Michael', 'name': 'michaelfeil', 'type': 'user', 'isPro': True, 'isHf': False, 'isMod': False}",17,False,michaelfeil/jina-embeddings-v2-base-code,explicit-opt-out,2024-05-12T03:52:29.000Z,0,feature-extraction,False,model,False,,642MB | 321MB | 162MB,169869312.0,673185792.0,150,24-08-2024
150,bdx33,"{'avatarUrl': '/avatars/a5bd19fc63a70adb332e8a5cd8a317a9.svg', 'fullname': 'bdx33', 'name': 'bdx33', 'type': 'user', 'isPro': False, 'isHf': False, 'isMod': False}",5,False,bdx33/stella-mrl-large-zh-v3.5-1792d,pipeline-library-pair-not-supported,2024-05-29T09:23:18.000Z,0,feature-extraction,False,model,False,,1.3GB | 327MB,342884352.0,1395864371.2,151,24-08-2024
151,aseovic,"{'avatarUrl': 'https://cdn-avatars.huggingface.co/v1/production/uploads/noauth/6H9gRSMYBRIQcxq-zb_Yq.jpeg', 'fullname': 'Aleks Seovic', 'name': 'aseovic', 'type': 'user', 'isPro': False, 'isHf': False, 'isMod': False}",5,False,aseovic/all-mpnet-base-v2,pipeline-library-pair-not-supported,2024-06-05T00:41:36.000Z,0,feature-extraction,False,model,False,,436MB | 218MB | 110MB,115343360.0,457179136.0,152,24-08-2024
152,onnx-community,"{'avatarUrl': 'https://cdn-avatars.huggingface.co/v1/production/uploads/61b253b7ac5ecaae3d1efe0c/BpiYJ-m5mXPXfjkzEt6yZ.png', 'fullname': 'ONNX Community', 'name': 'onnx-community', 'type': 'org', 'isHf': False, 'isMod': False, 'isEnterprise': False}",3,False,onnx-community/decision-transformer-gym-hopper-expert,pipeline-library-pair-not-supported,2024-06-06T15:18:17.000Z,0,feature-extraction,False,model,False,,4.6MB,4823449.6,4823449.6,153,24-08-2024
153,onnx-community,"{'avatarUrl': 'https://cdn-avatars.huggingface.co/v1/production/uploads/61b253b7ac5ecaae3d1efe0c/BpiYJ-m5mXPXfjkzEt6yZ.png', 'fullname': 'ONNX Community', 'name': 'onnx-community', 'type': 'org', 'isHf': False, 'isMod': False, 'isEnterprise': False}",3,False,onnx-community/decision-transformer-gym-hopper-medium,pipeline-library-pair-not-supported,2024-06-06T15:18:19.000Z,0,feature-extraction,False,model,False,,4.6MB,4823449.6,4823449.6,154,24-08-2024
154,onnx-community,"{'avatarUrl': 'https://cdn-avatars.huggingface.co/v1/production/uploads/61b253b7ac5ecaae3d1efe0c/BpiYJ-m5mXPXfjkzEt6yZ.png', 'fullname': 'ONNX Community', 'name': 'onnx-community', 'type': 'org', 'isHf': False, 'isMod': False, 'isEnterprise': False}",3,False,onnx-community/decision-transformer-gym-hopper-medium-replay,pipeline-library-pair-not-supported,2024-06-06T15:18:22.000Z,0,feature-extraction,False,model,False,,4.6MB,4823449.6,4823449.6,155,24-08-2024
155,onnx-community,"{'avatarUrl': 'https://cdn-avatars.huggingface.co/v1/production/uploads/61b253b7ac5ecaae3d1efe0c/BpiYJ-m5mXPXfjkzEt6yZ.png', 'fullname': 'ONNX Community', 'name': 'onnx-community', 'type': 'org', 'isHf': False, 'isMod': False, 'isEnterprise': False}",3,False,onnx-community/decision-transformer-gym-hopper-expert-new,pipeline-library-pair-not-supported,2024-06-06T15:18:24.000Z,0,feature-extraction,False,model,False,,4.6MB,4823449.6,4823449.6,156,24-08-2024
156,onnx-community,"{'avatarUrl': 'https://cdn-avatars.huggingface.co/v1/production/uploads/61b253b7ac5ecaae3d1efe0c/BpiYJ-m5mXPXfjkzEt6yZ.png', 'fullname': 'ONNX Community', 'name': 'onnx-community', 'type': 'org', 'isHf': False, 'isMod': False, 'isEnterprise': False}",3,False,onnx-community/decision-transformer-gym-halfcheetah-expert,pipeline-library-pair-not-supported,2024-06-06T15:18:27.000Z,0,feature-extraction,False,model,False,,4.61MB,4833935.36,4833935.36,157,24-08-2024
157,onnx-community,"{'avatarUrl': 'https://cdn-avatars.huggingface.co/v1/production/uploads/61b253b7ac5ecaae3d1efe0c/BpiYJ-m5mXPXfjkzEt6yZ.png', 'fullname': 'ONNX Community', 'name': 'onnx-community', 'type': 'org', 'isHf': False, 'isMod': False, 'isEnterprise': False}",3,False,onnx-community/decision-transformer-gym-halfcheetah-medium,pipeline-library-pair-not-supported,2024-06-06T15:18:29.000Z,0,feature-extraction,False,model,False,,4.61MB,4833935.36,4833935.36,158,24-08-2024
158,onnx-community,"{'avatarUrl': 'https://cdn-avatars.huggingface.co/v1/production/uploads/61b253b7ac5ecaae3d1efe0c/BpiYJ-m5mXPXfjkzEt6yZ.png', 'fullname': 'ONNX Community', 'name': 'onnx-community', 'type': 'org', 'isHf': False, 'isMod': False, 'isEnterprise': False}",3,False,onnx-community/decision-transformer-gym-halfcheetah-medium-replay,pipeline-library-pair-not-supported,2024-06-06T15:18:31.000Z,0,feature-extraction,False,model,False,,4.61MB,4833935.36,4833935.36,159,24-08-2024
159,onnx-community,"{'avatarUrl': 'https://cdn-avatars.huggingface.co/v1/production/uploads/61b253b7ac5ecaae3d1efe0c/BpiYJ-m5mXPXfjkzEt6yZ.png', 'fullname': 'ONNX Community', 'name': 'onnx-community', 'type': 'org', 'isHf': False, 'isMod': False, 'isEnterprise': False}",3,False,onnx-community/decision-transformer-gym-walker2d-expert,pipeline-library-pair-not-supported,2024-06-06T15:18:34.000Z,0,feature-extraction,False,model,False,,4.61MB,4833935.36,4833935.36,160,24-08-2024
160,onnx-community,"{'avatarUrl': 'https://cdn-avatars.huggingface.co/v1/production/uploads/61b253b7ac5ecaae3d1efe0c/BpiYJ-m5mXPXfjkzEt6yZ.png', 'fullname': 'ONNX Community', 'name': 'onnx-community', 'type': 'org', 'isHf': False, 'isMod': False, 'isEnterprise': False}",3,False,onnx-community/decision-transformer-gym-walker2d-medium,pipeline-library-pair-not-supported,2024-06-06T15:18:36.000Z,0,feature-extraction,False,model,False,,4.61MB,4833935.36,4833935.36,161,24-08-2024
161,onnx-community,"{'avatarUrl': 'https://cdn-avatars.huggingface.co/v1/production/uploads/61b253b7ac5ecaae3d1efe0c/BpiYJ-m5mXPXfjkzEt6yZ.png', 'fullname': 'ONNX Community', 'name': 'onnx-community', 'type': 'org', 'isHf': False, 'isMod': False, 'isEnterprise': False}",3,False,onnx-community/decision-transformer-gym-walker2d-medium-replay,pipeline-library-pair-not-supported,2024-06-06T15:18:38.000Z,0,feature-extraction,False,model,False,,4.61MB,4833935.36,4833935.36,162,24-08-2024
162,onnx-community,"{'avatarUrl': 'https://cdn-avatars.huggingface.co/v1/production/uploads/61b253b7ac5ecaae3d1efe0c/BpiYJ-m5mXPXfjkzEt6yZ.png', 'fullname': 'ONNX Community', 'name': 'onnx-community', 'type': 'org', 'isHf': False, 'isMod': False, 'isEnterprise': False}",5,False,onnx-community/gte-multilingual-base,custom-code,2024-08-15T23:05:45.000Z,0,feature-extraction,False,model,False,,1.26GB | 866MB | 628MB | 340MB | 873MB | 465MB | 340MB | 340MB,356515840.0,1352914698.24,163,24-08-2024
